0.169779	0.253696	0.373032	0.296164	0.244537	0.365077	0.222873	0.318137	0.221088	0.265942	0.365599	0.291429	0.226982	0.275894	0.291805	0.282305	0.311195	0.312779	0.177481	0.294329	0.317383	0.371496	0.247376	0.219296	0.174406	0.290501	0.297749	0.237663	0.198076	0.209174	0.284203	0.178032	0.280342	0.27108	0.2794	0.00528959	0.362466	0.317251	0.187148	0.234918	0.27235	0.252165	0.220295	0.300052	0.32564	0.262885	0.274843	0.296858	0.267842	0.289355	0.288312	0.30003	0.365605	0.360494	0.265801	0.246935	0.293972	0.244608	0.210439	0.325799	0.304716	0.28962	0.3164	
0.167417	0.169468	0.175448	0.169505	0.160995	0.165583	0.177033	0.15987	0.182127	0.16849	0.171224	0.136979	0.165597	0.176032	0.174172	0.161018	0.173147	0.115203	0.173832	0.174372	0.173294	0.169524	0.146643	0.11516	0.179136	0.176527	0.164259	0.135152	0.160775	0.156892	0.116778	0.172956	0.166451	0.176857	0.00838385	0.172492	0.178457	0.136136	0.166152	0.166649	0.183138	0.173993	0.173162	0.164537	0.17406	0.170011	0.177993	0.166155	0.166532	0.171627	0.174371	0.163735	0.164294	0.181765	0.176085	0.172192	0.172917	0.161019	0.178234	0.168404	0.161923	0.178534	
0.264234	0.302686	0.292549	0.257929	0.270907	0.296139	0.292437	0.276096	0.268015	0.266495	0.265221	0.264756	0.272109	0.285297	0.318034	0.261548	0.209153	0.280384	0.278025	0.268856	0.29893	0.204636	0.202521	0.267213	0.278921	0.264954	0.227226	0.267002	0.221678	0.209159	0.270217	0.312598	0.288344	0.0159729	0.279097	0.287088	0.207906	0.228999	0.268599	0.259305	0.247689	0.291718	0.254274	0.277075	0.316713	0.270519	0.317613	0.316524	0.245613	0.271681	0.256452	0.261488	0.256193	0.275331	0.312372	0.304067	0.274133	0.30688	0.279718	0.293356	0.286118	
0.297448	0.251922	0.36694	0.228822	0.322177	0.231731	0.266733	0.378602	0.294141	0.233687	0.28807	0.29505	0.287677	0.316834	0.313265	0.18527	0.292625	0.330104	0.379463	0.250628	0.220846	0.182325	0.292916	0.29847	0.246351	0.203791	0.215287	0.278847	0.185505	0.296508	0.277924	0.282637	0.00528959	0.362489	0.315508	0.189695	0.235765	0.285833	0.249386	0.220588	0.308574	0.335926	0.267074	0.278081	0.313329	0.269958	0.296538	0.288706	0.301073	0.367382	0.367174	0.268985	0.258844	0.292504	0.249406	0.218702	0.329341	0.316457	0.30133	0.317033	
0.311599	0.299415	0.296485	0.335223	0.278823	0.311421	0.303926	0.325477	0.270777	0.287653	0.322952	0.29064	0.351747	0.31632	0.202365	0.328215	0.322872	0.301566	0.341172	0.204427	0.195567	0.3271	0.329317	0.245914	0.222986	0.279543	0.255959	0.199177	0.288713	0.310711	0.316498	0.00970927	0.334141	0.340032	0.209856	0.243133	0.276316	0.288161	0.272959	0.334387	0.310031	0.308012	0.325732	0.305162	0.334469	0.330023	0.297937	0.327165	0.292604	0.309055	0.299509	0.298647	0.351379	0.32466	0.278622	0.362645	0.301769	0.312393	0.332578	
0.238314	0.274996	0.304202	0.331598	0.305142	0.25231	0.269251	0.30699	0.244656	0.275481	0.283797	0.298516	0.264503	0.222448	0.294596	0.2584	0.259441	0.321836	0.193866	0.215332	0.284508	0.295232	0.268654	0.235475	0.274603	0.212599	0.221324	0.284585	0.294349	0.301751	0.00362461	0.268117	0.292228	0.220252	0.230449	0.28395	0.254374	0.252779	0.31519	0.245607	0.31426	0.306308	0.271293	0.314337	0.295161	0.247198	0.291928	0.238862	0.248187	0.259447	0.281513	0.31158	0.352499	0.272142	0.308411	0.261975	0.264048	0.28145	
0.223976	0.316412	0.216597	0.256053	0.372174	0.293438	0.226618	0.289441	0.292325	0.278127	0.32413	0.309559	0.177629	0.292388	0.340144	0.35985	0.24566	0.217883	0.173412	0.290082	0.290745	0.233113	0.193267	0.208473	0.270188	0.177563	0.285794	0.268386	0.267329	0.00528959	0.38394	0.316411	0.18541	0.231616	0.274692	0.244701	0.213839	0.306407	0.343199	0.253641	0.268051	0.303001	0.262806	0.291212	0.276652	0.288918	0.381349	0.405344	0.259803	0.250901	0.288662	0.241711	0.210233	0.330583	0.315783	0.304068	0.321654	
0.265917	0.263154	0.263558	0.230888	0.251427	0.251939	0.239262	0.256476	0.249913	0.27167	0.242906	0.195817	0.260586	0.254349	0.235555	0.28286	0.178415	0.187722	0.254777	0.263646	0.23301	0.216398	0.312556	0.198032	0.19389	0.249966	0.277855	0.269618	0.00777889	0.252244	0.262626	0.187126	0.217921	0.244735	0.257578	0.250857	0.262971	0.234192	0.270901	0.2781	0.25126	0.273536	0.278253	0.230598	0.242634	0.220716	0.2321	0.247977	0.27274	0.282499	0.281149	0.31413	0.270004	0.243588	0.251543	0.264476	
0.282188	0.312778	0.325645	0.31764	0.262813	0.291507	0.327681	0.316022	0.323818	0.323728	0.205312	0.329469	0.330272	0.329778	0.301595	0.218174	0.2027	0.329488	0.330797	0.279888	0.228333	0.25581	0.251834	0.205028	0.306126	0.294298	0.330062	0.00472601	0.349184	0.352245	0.209846	0.242804	0.296583	0.280719	0.25596	0.339058	0.316324	0.308109	0.31054	0.320389	0.301782	0.312739	0.294287	0.320739	0.315824	0.322902	0.295244	0.290036	0.321012	0.291417	0.257915	0.361057	0.331553	0.302703	0.351597	
0.269329	0.233235	0.247638	0.288427	0.249685	0.254604	0.271236	0.267601	0.244461	0.224113	0.263444	0.245508	0.239871	0.288777	0.186393	0.2176	0.257716	0.264867	0.281021	0.24574	0.279529	0.198179	0.223489	0.275281	0.284751	0.291291	0.00386269	0.242975	0.269926	0.214519	0.211024	0.270249	0.231737	0.230248	0.267762	0.224912	0.292286	0.291245	0.260819	0.288698	0.280502	0.214427	0.248856	0.217293	0.224419	0.230939	0.274438	0.279876	0.311718	0.277812	0.28834	0.247021	0.263263	0.259271	
0.27307	0.325351	0.236382	0.247261	0.32491	0.292517	0.27763	0.324984	0.185639	0.348526	0.277731	0.275425	0.317688	0.198267	0.184229	0.340932	0.349671	0.267343	0.21084	0.246205	0.225431	0.18716	0.280618	0.279964	0.310867	0.00618875	0.285966	0.325357	0.202645	0.239644	0.262932	0.278269	0.267154	0.344898	0.256761	0.308827	0.302028	0.313267	0.322323	0.285449	0.282556	0.312447	0.260985	0.264945	0.273616	0.275875	0.315972	0.299933	0.253316	0.325631	0.286443	0.263035	0.300404	
0.300838	0.233334	0.287899	0.300861	0.288817	0.321573	0.312607	0.184874	0.299086	0.342366	0.369196	0.255762	0.222192	0.179605	0.299033	0.300379	0.246366	0.200668	0.219818	0.273281	0.184996	0.29904	0.28483	0.282983	0.00528959	0.368335	0.316671	0.192061	0.230335	0.283846	0.250917	0.222535	0.310011	0.338013	0.267787	0.285309	0.309875	0.27761	0.304513	0.285466	0.30012	0.369184	0.37281	0.265257	0.258867	0.304442	0.253642	0.221679	0.331657	0.324919	0.308837	0.322808	
0.223379	0.262495	0.401632	0.282636	0.304143	0.37769	0.16921	0.397051	0.300254	0.293135	0.30325	0.195577	0.165793	0.385376	0.349456	0.242917	0.191927	0.228186	0.256827	0.168999	0.280836	0.270145	0.303972	0.00695373	0.322298	0.349839	0.190274	0.234768	0.260502	0.270111	0.26048	0.330046	0.286969	0.282145	0.289069	0.357327	0.300186	0.289113	0.294311	0.320327	0.293319	0.302499	0.288997	0.278275	0.314768	0.275123	0.234223	0.350025	0.292035	0.279518	0.325939	
0.22685	0.232191	0.260826	0.264095	0.23136	0.264157	0.243558	0.242809	0.244517	0.267609	0.175911	0.255874	0.23648	0.242987	0.245019	0.259567	0.259886	0.196258	0.266091	0.248723	0.269788	0.267161	0.00223091	0.244698	0.254479	0.249962	0.201481	0.260474	0.218763	0.211161	0.250496	0.228257	0.258636	0.263801	0.242384	0.262599	0.263711	0.213904	0.243625	0.223451	0.229596	0.221325	0.243655	0.26359	0.290046	0.261811	0.268617	0.238464	0.248318	0.246755	
0.2662	0.263076	0.300152	0.275396	0.18099	0.267339	0.300929	0.285702	0.260745	0.202877	0.176624	0.27606	0.28682	0.245537	0.20167	0.234892	0.221558	0.181063	0.27719	0.286873	0.280169	0.00528959	0.30113	0.289821	0.191983	0.231222	0.276359	0.248232	0.226588	0.28084	0.298201	0.269051	0.292696	0.284982	0.28155	0.302118	0.242721	0.260659	0.278033	0.294765	0.25403	0.27117	0.292414	0.26479	0.23148	0.299088	0.2774	0.302923	0.298512	
0.290104	0.306594	0.384244	0.171711	0.39729	0.307604	0.297689	0.306028	0.199276	0.168883	0.385349	0.35055	0.252511	0.197844	0.234721	0.254255	0.170417	0.289086	0.273075	0.314562	0.00695373	0.325165	0.358084	0.193408	0.23617	0.266671	0.274837	0.260854	0.334187	0.289107	0.287986	0.290617	0.35719	0.299226	0.290555	0.292305	0.322772	0.29126	0.301084	0.288825	0.282655	0.312923	0.275934	0.240498	0.362554	0.293935	0.282165	0.333953	
0.285141	0.295311	0.2101	0.294329	0.295691	0.292194	0.275047	0.220168	0.205787	0.296812	0.304375	0.279872	0.234004	0.243613	0.254227	0.209721	0.292038	0.275711	0.303646	0.00528959	0.302915	0.310027	0.215378	0.244381	0.292948	0.268001	0.244235	0.300549	0.276442	0.300184	0.281971	0.293525	0.273623	0.284819	0.276499	0.301776	0.277546	0.283226	0.286223	0.269795	0.288218	0.274529	0.245898	0.315844	0.304873	0.274261	0.307561	
0.303016	0.20156	0.308991	0.333663	0.314582	0.305269	0.213263	0.196537	0.304295	0.297684	0.244872	0.226038	0.258929	0.252919	0.199996	0.29402	0.340336	0.288866	0.00181778	0.346392	0.322531	0.198532	0.229498	0.282046	0.262218	0.237447	0.311567	0.315625	0.278524	0.334811	0.298371	0.326151	0.356536	0.275392	0.302283	0.314445	0.331032	0.274306	0.283353	0.34904	0.306703	0.263512	0.351443	0.309322	0.358097	0.328538	
0.175498	0.386614	0.315539	0.315571	0.298777	0.206636	0.173931	0.381433	0.363666	0.252715	0.203924	0.224743	0.270516	0.175278	0.2932	0.269957	0.315024	0.00695373	0.339448	0.370022	0.196683	0.231921	0.273614	0.270944	0.245586	0.328928	0.303728	0.287559	0.289458	0.369647	0.295375	0.28666	0.298928	0.331171	0.313049	0.317319	0.285634	0.273212	0.309226	0.267703	0.226748	0.361415	0.301189	0.281909	0.342957	
0.180295	0.19725	0.19163	0.20301	0.148699	0.374987	0.180375	0.189749	0.202633	0.339216	0.215421	0.157453	0.380743	0.19064	0.214836	0.203823	0.00151332	0.191214	0.19219	0.203315	0.162601	0.205315	0.175426	0.166627	0.184301	0.177952	0.200704	0.21184	0.19011	0.205689	0.211802	0.167381	0.184776	0.173789	0.177632	0.175736	0.190841	0.203884	0.223124	0.211264	0.199698	0.189209	0.205123	0.196137	
0.300001	0.302954	0.323947	0.201769	0.178416	0.397213	0.370042	0.258734	0.20719	0.240893	0.258196	0.181369	0.297272	0.285469	0.317593	0.00695373	0.32204	0.367151	0.198184	0.238096	0.268991	0.27675	0.263686	0.349326	0.286146	0.295996	0.306103	0.36128	0.322195	0.301535	0.299691	0.329777	0.296844	0.302284	0.29234	0.282463	0.32745	0.285562	0.246661	0.368497	0.301354	0.287553	0.341509	
0.323089	0.266017	0.219235	0.194717	0.309024	0.304043	0.253782	0.218994	0.247496	0.254509	0.198878	0.295994	0.290919	0.295443	0.00528959	0.369754	0.320245	0.209111	0.23699	0.287154	0.262844	0.230484	0.309992	0.337703	0.283276	0.289219	0.312461	0.277425	0.31083	0.284277	0.301902	0.322237	0.345167	0.283916	0.2795	0.30339	0.267388	0.245499	0.329838	0.328547	0.314705	0.338102	
0.258745	0.228088	0.187824	0.298452	0.304738	0.253536	0.209705	0.223053	0.279901	0.191637	0.304066	0.286236	0.290603	0.00528959	0.359317	0.328587	0.194415	0.233199	0.296015	0.257925	0.227539	0.307922	0.332563	0.275325	0.286536	0.311181	0.277601	0.305399	0.288413	0.304261	0.36146	0.358928	0.269452	0.261117	0.298588	0.255056	0.226463	0.336159	0.312907	0.303157	0.324913	
0.20289	0.195554	0.319889	0.324173	0.249514	0.225464	0.273977	0.221317	0.201433	0.274031	0.302772	0.304488	0.00539188	0.278259	0.31837	0.209273	0.220922	0.25894	0.271781	0.275421	0.312042	0.245576	0.295241	0.322185	0.289	0.341507	0.309878	0.252334	0.29799	0.245604	0.255333	0.269559	0.283011	0.332315	0.330268	0.285347	0.327951	0.264247	0.277557	0.295986	
0.148473	0.204188	0.206354	0.195116	0.168839	0.179657	0.195262	0.153942	0.214922	0.210013	0.216387	0.0100443	0.221247	0.212754	0.158682	0.203093	0.225758	0.207912	0.184114	0.212799	0.218207	0.211093	0.209916	0.209322	0.201082	0.212245	0.193291	0.211154	0.215094	0.215516	0.196337	0.192568	0.211031	0.196911	0.180743	0.2127	0.215022	0.217094	0.213632	
0.176927	0.187026	0.204047	0.34349	0.208284	0.155126	0.3736	0.184071	0.207855	0.201596	0.00201255	0.187614	0.188512	0.199704	0.162701	0.199416	0.171985	0.161107	0.182299	0.174116	0.193911	0.205014	0.189872	0.197217	0.205588	0.165918	0.181818	0.170362	0.17523	0.174818	0.183169	0.195866	0.215392	0.205722	0.193586	0.184552	0.199551	0.194407	
0.372611	0.261482	0.205566	0.240299	0.255375	0.179551	0.292133	0.279007	0.32149	0.00695373	0.321186	0.363582	0.200199	0.234892	0.268587	0.277597	0.266351	0.342034	0.291275	0.29416	0.302312	0.364474	0.3167	0.297215	0.295963	0.330374	0.290704	0.29854	0.293119	0.284604	0.325363	0.2834	0.245096	0.357231	0.298658	0.285036	0.335114	
0.272888	0.214873	0.246778	0.266734	0.189277	0.301606	0.28249	0.332545	0.00843669	0.326647	0.355574	0.208827	0.242951	0.274883	0.280226	0.269957	0.361854	0.291701	0.311184	0.309964	0.359916	0.326872	0.298843	0.305375	0.336631	0.290507	0.298121	0.29981	0.290135	0.327192	0.29371	0.252564	0.353143	0.3006	0.281713	0.340042	
0.225113	0.241113	0.209764	0.203673	0.257042	0.254016	0.281467	0.00612194	0.248965	0.268698	0.206684	0.227577	0.265407	0.233125	0.219434	0.273649	0.23275	0.271039	0.261225	0.266845	0.256546	0.253625	0.227471	0.252046	0.231107	0.236507	0.237248	0.249017	0.248455	0.249446	0.243027	0.273929	0.254989	0.242096	0.26153	
0.239894	0.173474	0.332119	0.212832	0.237015	0.231917	0.0015905	0.210876	0.217242	0.20237	0.185259	0.219123	0.199805	0.187973	0.209806	0.196167	0.226821	0.23396	0.214949	0.225276	0.231909	0.188399	0.207978	0.189992	0.197382	0.199915	0.21315	0.224203	0.242093	0.23596	0.223591	0.211042	0.223297	0.223347	
0.181995	0.212654	0.243585	0.275687	0.264392	0.00682742	0.235236	0.245933	0.196244	0.204902	0.246151	0.237132	0.241454	0.24718	0.225926	0.264478	0.273525	0.241044	0.268134	0.273473	0.211021	0.225391	0.20571	0.215862	0.232825	0.264694	0.267073	0.283097	0.325249	0.255073	0.237838	0.247123	0.249876	
0.156683	0.241298	0.218138	0.237255	0.00528959	0.28353	0.28052	0.176512	0.213741	0.243266	0.219276	0.197918	0.255931	0.262263	0.233751	0.225584	0.249509	0.217509	0.235301	0.287685	0.27984	0.279222	0.273994	0.258676	0.219383	0.243186	0.209619	0.184218	0.285318	0.246442	0.23761	0.276997	
0.187957	0.213593	0.203941	0.00272822	0.190571	0.190362	0.203531	0.164524	0.20408	0.17538	0.165383	0.185356	0.178132	0.19826	0.210723	0.189802	0.204718	0.209939	0.168892	0.184133	0.175101	0.177688	0.175187	0.187806	0.202082	0.220868	0.208959	0.196228	0.189133	0.203684	0.195656	
0.288127	0.311556	0.00482956	0.298886	0.310152	0.19696	0.214244	0.288909	0.252954	0.226306	0.301792	0.289789	0.311169	0.287601	0.309411	0.280905	0.296493	0.256284	0.283692	0.287996	0.288771	0.261756	0.272266	0.290969	0.278178	0.247979	0.319534	0.297407	0.296269	0.314494	
0.289421	0	0.294399	0.295021	0.196701	0.224696	0.276771	0.269008	0.248398	0.288463	0.268625	0.284478	0.371045	0.279187	0.359056	0.387553	0.246442	0.273347	0.271047	0.274429	0.249209	0.286973	0.358599	0.331759	0.280738	0.302887	0.272586	0.348667	0.29366	
0.00811983	0.301806	0.330563	0.215097	0.238106	0.288903	0.282731	0.261871	0.322357	0.274174	0.322802	0.309141	0.322071	0.310449	0.295072	0.273755	0.315125	0.268868	0.274593	0.27969	0.2816	0.311555	0.299697	0.264615	0.331377	0.29429	0.274932	0.316337	
0.00695373	0.00572817	0.00528959	0.0103257	0.00528959	0.00760862	0.00773755	0.00813574	0.00528959	0.00907058	0.00369336	0.00695373	0.00308948	0	0.00695373	0.00564837	0.00528959	0.00528959	0.00692591	0.00426599	0.00312608	0.00313171	0.00661202	0.00695373	0.00516523	0.00134492	0.00658595	
0.350993	0.200395	0.240399	0.286437	0.269858	0.24346	0.331942	0.348672	0.289352	0.303304	0.326128	0.295145	0.319539	0.302188	0.32086	0.362526	0.389334	0.293253	0.276646	0.322152	0.272763	0.236112	0.358522	0.331299	0.319292	0.353009	
0.205735	0.237217	0.283232	0.284537	0.265129	0.349821	0.309221	0.30545	0.317231	0.353927	0.321841	0.314412	0.308364	0.332638	0.325318	0.322864	0.298183	0.290252	0.336989	0.287608	0.250484	0.396232	0.309583	0.298907	0.370648	
0.179392	0.212087	0.180494	0.173546	0.199759	0.199472	0.202966	0.202582	0.201374	0.200135	0.199623	0.183994	0.2087	0.181965	0.18672	0.197068	0.198351	0.199664	0.21663	0.20196	0.210487	0.201244	0.189193	0.209386	
0.232969	0.245313	0.219035	0.254995	0.228444	0.24806	0.2285	0.234217	0.228489	0.221768	0.225727	0.238789	0.225672	0.232987	0.236128	0.231458	0.237456	0.231341	0.205261	0.240898	0.235586	0.220689	0.244135	
0.244912	0.222338	0.279135	0.28838	0.287972	0.272461	0.280591	0.259931	0.28616	0.247272	0.274411	0.269849	0.277963	0.252416	0.270416	0.272492	0.274984	0.243425	0.292455	0.283119	0.277927	0.281677	
0.269771	0.281418	0.247546	0.275679	0.278184	0.27366	0.270905	0.267298	0.251612	0.270278	0.244191	0.250158	0.268595	0.258558	0.284806	0.261587	0.240741	0.28324	0.256281	0.252425	0.28161	
0.267795	0.213324	0.257738	0.268717	0.247672	0.272752	0.249037	0.229912	0.250537	0.214295	0.220966	0.250562	0.251783	0.278029	0.268298	0.24658	0.264798	0.223443	0.22861	0.252564	
0.304383	0.319808	0.311208	0.331157	0.333484	0.30236	0.298519	0.328768	0.310076	0.313258	0.289451	0.278945	0.329244	0.298404	0.249417	0.361924	0.309209	0.294164	0.337329	
0.268901	0.266039	0.302274	0.256083	0.291219	0.271958	0.295738	0.330284	0.345018	0.265113	0.258626	0.284828	0.249422	0.214839	0.325832	0.311369	0.306395	0.32131	
0.2964	0.297152	0.29287	0.287633	0.259451	0.298493	0.253195	0.262909	0.271026	0.285456	0.29987	0.302598	0.262263	0.314436	0.282133	0.269073	0.299298	
0.287729	0.38373	0.372988	0.261795	0.292067	0.270041	0.27369	0.266061	0.289456	0.385872	0.341242	0.280569	0.320565	0.275421	0.332431	0.304631	
0.290725	0.292505	0.271873	0.309544	0.305056	0.310935	0.281829	0.27205	0.301755	0.267057	0.243371	0.34638	0.298559	0.286737	0.332716	
0.358553	0.26001	0.300179	0.26474	0.268832	0.258111	0.282579	0.390716	0.358603	0.277114	0.328203	0.274874	0.316195	0.299482	
0.261881	0.287363	0.291086	0.296872	0.264314	0.287452	0.374473	0.325095	0.27622	0.323454	0.289453	0.365092	0.311563	
0.314801	0.286941	0.284475	0.294859	0.250988	0.278743	0.246492	0.211762	0.315572	0.283282	0.252715	0.305322	
0.288561	0.298929	0.287316	0.267928	0.311405	0.27967	0.228372	0.336557	0.304703	0.275913	0.317271	
0.378687	0.259569	0.246789	0.288433	0.241125	0.207563	0.335917	0.306638	0.298792	0.325222	
0.271133	0.257489	0.293635	0.248821	0.216743	0.339104	0.319127	0.305663	0.331024	
0.267975	0.278814	0.251648	0.233516	0.302669	0.27601	0.252065	0.303861	
0.288742	0.292285	0.267681	0.302829	0.265311	0.276472	0.284981	
0.345011	0.275302	0.342886	0.289953	0.337216	0.32056	
0.283555	0.304803	0.257688	0.288099	0.281386	
0.259478	0.237196	0.247344	0.246425	
0.328647	0.321927	0.37905	
0.286174	0.321866	
0.312856	

